10
297
10
60
10
258
10
245
10
57
10
177
10
241
10
294
10
150
9
205
9
121
9
135
9
283
9
248
9
56
9
226
9
7
9
59
9
197
8
166
8
85
8
155
8
242
8
156
8
97
8
272
8
172
8
208
8
150
8
126
8
234
7
238
7
290
7
128
7
165
7
102
7
143
7
250
7
132
6
99
6
97
6
37
6
296
6
87
6
44
6
24
6
29
6
228
6
4
5
151
5
288
5
11
5
121
5
6
5
254
5
161
5
260
4
61
4
229
4
121
4
194
4
147
4
18
3
259
3
235
3
132
3
111
3
249
2
134
2
190
2
40
2
220
2
134
2
53
2
17
2
172
2
233
2
33
2
166
1
98
1
228
1
261
1
208
1
161
1
256
1
196
1
185
1
65
1
148
1
99
1
217
1
282
1
59
0
163
0
95
0
120
0
84
0
45
0
170
0
0
